Trial,time,PositionX,PositionY,PositionZ
1,0.02,-7.975904,-1.554217,10
1,0.04,-7.903615,-1.60241,10
1,0.06,-7.807229,-1.722892,10
1,0.08,-7.686747,-1.795181,10
1,0.09999999,-7.542169,-1.843374,10
1,0.12,-7.373495,-1.86747,10
1,0.14,-7.156627,-1.891566,10
1,0.16,-7.012049,-1.891566,10
1,0.18,-6.867471,-1.891566,10
1,0.2,-6.746989,-1.891566,10
1,0.22,-6.650603,-1.86747,10
1,0.24,-6.554217,-1.843374,10
1,0.26,-6.433735,-1.819277,10
1,0.28,-6.313253,-1.819277,10
1,0.3,-6.265061,-1.819277,10
1,0.32,-6.240964,-1.795181,10
1,0.34,-6.192771,-1.795181,10
1,0.38,-6.168675,-1.795181,10
1,0.42,-6.144579,-1.746988,10
1,0.4400001,-6.072289,-1.674699,10
1,0.4600001,-5.951807,-1.457832,10
1,0.4800001,-5.80723,-1.216868,10
1,0.5000001,-5.710844,-1.024096,10
1,0.52,-5.566266,-0.7590362,10
1,0.54,-5.39759,-0.4698798,10
1,0.56,-5.301205,-0.3253013,10
1,0.58,-5.253012,-0.2289158,10
1,0.6,-5.228916,-0.1807228,10
1,0.6199999,-5.180724,-0.1566264,10
1,0.6399999,-5.13253,-0.108434,10
1,0.6599999,-5.108434,-0.08433759,10
1,0.6799999,-5.084338,-0.08433759,10
1,0.7199998,-5.060242,-0.08433759,10
1,0.7599998,-5.012048,-0.2048191,10
1,0.7799998,-4.963856,-0.3493977,10
1,0.7999998,-4.891566,-0.5421689,10
1,0.8199998,-4.843374,-0.7590362,10
1,0.8399997,-4.795181,-0.9999999,10
1,0.8599997,-4.746988,-1.26506,10
1,0.8799997,-4.698796,-1.530121,10
1,0.8999997,-4.650602,-1.674699,10
1,0.9199997,-4.60241,-1.843374,10
1,0.9399996,-4.554217,-2.012048,10
1,0.9599996,-4.481928,-2.180723,10
1,0.9799996,-4.385542,-2.39759,10
1,0.9999996,-4.26506,-2.614458,10
1,1.02,-4.192771,-2.783133,10
1,1.04,-4.168675,-2.879518,10
1,1.06,-4.096386,-2.975904,10
1,1.08,-4.024097,-3.072289,10
1,1.1,-3.879519,-3.216867,10
1,1.12,-3.759036,-3.337349,10
1,1.14,-3.638554,-3.385542,10
1,1.159999,-3.46988,-3.409638,10
1,1.179999,-3.349398,-3.409638,10
1,1.199999,-3.277109,-3.409638,10
1,1.219999,-3.204819,-3.337349,10
1,1.239999,-3.156627,-3.216867,10
1,1.259999,-3.012048,-2.951807,10
1,1.279999,-2.843374,-2.542169,10
1,1.299999,-2.722892,-2.228916,10
1,1.319999,-2.626506,-1.891566,10
1,1.339999,-2.60241,-1.674699,10
1,1.579999,-2.578313,0.4457831,10
1,1.599999,-2.506025,0.6626511,10
1,1.619999,-2.433735,0.9277105,10
1,1.639999,-2.313253,1.216868,10
1,1.659999,-2.168674,1.481928,10
1,1.679999,-2.024096,1.771084,10
1,1.699999,-1.855422,2.084337,10
1,1.719999,-1.710844,2.301205,10
1,1.739999,-1.590362,2.469879,10
1,1.759999,-1.518073,2.542169,10
1,1.779999,-1.421687,2.66265,10
1,1.799999,-1.325302,2.73494,10
1,1.819999,-1.204819,2.831326,10
1,1.839999,-1.132531,2.903614,10
1,1.859999,-1.012048,2.927711,10
1,1.879999,-0.915663,2.975904,10
1,1.899999,-0.8674701,2.975904,10
1,1.919999,-0.8192773,2.975904,10
1,1.939999,-0.7951806,2.975904,10
1,1.979999,-0.7469882,2.975904,10
1,1.999999,-0.722892,2.951807,10
1,2.019999,-0.6506025,2.855422,10
1,2.039999,-0.5783134,2.73494,10
1,2.059999,-0.5060244,2.614458,10
1,2.079999,-0.3614463,2.39759,10
1,2.099999,-0.2409638,2.084337,10
1,2.119999,-0.1204825,1.843374,10
1,2.139999,0.02409617,1.506024,10
1,2.159999,0.1445781,1.168675,10
1,2.179999,0.2168677,0.8795178,10
1,2.199999,0.3132524,0.5180722,10
1,2.219999,0.4096381,0.2530122,10
1,2.239999,0.4578305,-0.03614455,10
1,2.259999,0.53012,-0.2771083,10
1,2.279999,0.6024096,-0.5662653,10
1,2.299999,0.6746981,-0.8795181,10
1,2.319999,0.7710839,-1.168675,10
1,2.339998,0.8915669,-1.481928,10
1,2.359998,1.084337,-1.987952,10
1,2.379998,1.204819,-2.349398,10
1,2.399998,1.3253,-2.638554,10
1,2.419998,1.445783,-2.879518,10
1,2.439998,1.493975,-3,10
1,2.459998,1.542169,-3.096385,10
1,2.479998,1.614458,-3.192771,10
1,2.499998,1.686747,-3.289156,10
1,2.519998,1.783132,-3.385542,10
1,2.539998,1.831325,-3.433735,10
1,2.559998,1.855421,-3.457831,10
1,2.599998,1.879517,-3.457831,10
1,2.699998,1.903615,-3.578313,10
1,2.879998,1.951807,-3.987952,10
1,2.899998,2.024096,-3.891566,10
1,2.919998,2.120481,-3.698795,10
1,2.939998,2.26506,-3.337349,10
1,2.959998,2.385542,-2.855422,10
1,2.979998,2.506024,-2.301205,10
1,2.999998,2.554217,-1.819277,10
1,3.019998,2.602409,-1.313253,10
1,3.079998,2.626506,-0.7349399,10
1,3.179998,2.650602,-0.6144577,10
1,3.219998,2.674698,-0.4457831,10
1,3.239998,2.698795,-0.3012049,10
1,3.259998,2.746988,-0.06024122,10
1,3.279998,2.79518,0.2048194,10
1,3.299998,2.843374,0.4457831,10
1,3.319998,2.86747,0.6385541,10
1,3.339998,2.891567,0.7590359,10
1,3.359998,2.939759,0.8795178,10
1,3.379997,2.963855,1,10
1,3.399997,3.012048,1.120481,10
1,3.419997,3.036144,1.168675,10
1,3.459997,3.06024,1.216868,10
1,3.479997,3.084338,1.240964,10
1,3.499997,3.13253,1.26506,10
1,3.519997,3.180723,1.313253,10
1,3.539997,3.228916,1.313253,10
1,3.579997,3.277109,1.337349,10
1,3.599997,3.3253,1.337349,10
1,3.619997,3.373494,1.337349,10
1,3.659997,3.39759,1.337349,10
1,3.679997,3.493977,1.192771,10
1,3.699997,3.54217,1,10
1,3.719997,3.638555,0.7108432,10
1,3.739997,3.686747,0.4939759,10
1,3.759997,3.734941,0.2048194,10
1,3.779997,3.783133,-0.08433759,10
1,3.799997,3.80723,-0.3975904,10
1,3.819997,3.831326,-0.6626508,10
1,3.839997,3.879519,-0.9036145,10
1,3.859997,3.903616,-1.048193,10
1,3.879997,3.927712,-1.168675,10
1,3.919997,3.975903,-1.361446,10
1,3.939997,4.024097,-1.457832,10
1,3.959997,4.096386,-1.530121,10
1,3.979997,4.144579,-1.578313,10
1,3.999997,4.216868,-1.626506,10
1,4.019997,4.289158,-1.698795,10
1,4.039997,4.409639,-1.722892,10
1,4.059997,4.530121,-1.722892,10
1,4.079997,4.626506,-1.746988,10
1,4.099997,4.722893,-1.746988,10
1,4.119997,4.795181,-1.746988,10
1,4.139997,4.86747,-1.746988,10
1,4.159997,4.963856,-1.746988,10
1,4.179997,5.084338,-1.722892,10
1,4.199997,5.180723,-1.722892,10
1,4.219997,5.253012,-1.722892,10
1,4.239997,5.27711,-1.698795,10
1,4.279997,5.301206,-1.698795,10
1,4.319997,5.325302,-1.698795,10
1,4.359997,5.373495,-1.650603,10
1,4.379997,5.469881,-1.578313,10
1,4.399997,5.566266,-1.506024,10
1,4.419997,5.662652,-1.457832,10
1,4.439997,5.759037,-1.385542,10
1,4.459997,5.831326,-1.337349,10
1,4.479997,5.879519,-1.313253,10
1,4.559997,5.903615,-1.313253,10
1,4.579997,5.951808,-1.361446,10
1,4.599997,6,-1.457832,10
1,4.619997,6.072289,-1.554217,10
1,4.639997,6.144579,-1.771084,10
1,4.659997,6.216868,-2.012048,10
1,4.679996,6.289158,-2.277108,10
1,4.699996,6.33735,-2.445783,10
1,4.719996,6.385543,-2.614458,10
1,4.739996,6.433735,-2.759036,10
1,4.759996,6.481929,-2.855422,10
1,4.779996,6.506025,-2.903615,10
1,4.799996,6.530121,-2.951807,10
1,4.819996,6.578314,-3,10
1,4.839996,6.60241,-3.072289,10
1,4.859996,6.6747,-3.144578,10
1,4.879996,6.771085,-3.192771,10
1,4.899996,6.93976,-3.240964,10
1,4.919996,7.036146,-3.26506,10
1,4.939996,7.108436,-3.26506,10
1,4.959996,7.180723,-3.216867,10
1,4.979996,7.253013,-3.120482,10
1,4.999996,7.325302,-2.951807,10
1,5.019996,7.421688,-2.710843,10
1,5.039996,7.46988,-2.469879,10
1,5.059996,7.518074,-2.253012,10
1,5.079996,7.54217,-1.987952,10
1,5.159996,7.566265,-0.807229,10
1,5.199996,7.590362,-0.5662653,10
1,5.219996,7.614458,-0.4939759,10
1,5.239996,7.638555,-0.4457831,10
1,5.259996,7.686748,-0.3493977,10
1,5.279996,7.73494,-0.2530122,10
1,5.299996,7.783134,-0.1807228,10
1,5.319996,7.855423,-0.108434,10
1,5.339996,7.927711,-0.03614455,10

